每幅图像的标定误差：
第1幅图像的平均误差：0.234104像素
第2幅图像的平均误差：0.259622像素
第3幅图像的平均误差：0.100376像素
第4幅图像的平均误差：0.0805146像素
第5幅图像的平均误差：0.100759像素
第6幅图像的平均误差：0.0876365像素
第7幅图像的平均误差：0.0909163像素
第8幅图像的平均误差：0.085606像素
第9幅图像的平均误差：0.157413像素
第10幅图像的平均误差：0.0704743像素
第11幅图像的平均误差：0.0754116像素
第12幅图像的平均误差：0.0677333像素
第13幅图像的平均误差：0.0652438像素
第14幅图像的平均误差：0.0812505像素
第15幅图像的平均误差：0.198278像素
第16幅图像的平均误差：0.0695878像素
第17幅图像的平均误差：0.0804019像素
第18幅图像的平均误差：0.0667233像素
第19幅图像的平均误差：0.0882349像素
第20幅图像的平均误差：0.0791048像素
第21幅图像的平均误差：0.0725104像素
第22幅图像的平均误差：0.0735262像素
第23幅图像的平均误差：0.130498像素
第24幅图像的平均误差：0.0861169像素
第25幅图像的平均误差：0.0770911像素
总体平均误差：0.103165像素

相机内参数矩阵：
[1388.375798777636, 0, 637.6870041796032;
 0, 1400.179374249697, 412.4066417856947;
 0, 0, 1]

畸变系数：
[0.00142941099831106, 1.099126435365621, 0.006012811896225332, -0.003133637986759695, -6.445688667335379]


第1幅图像的旋转向量：
[9.639832176227246;
 -10.37654457402271;
 78.53112594358974]
第1幅图像的旋转矩阵：
[-0.2883704169012113, 0.9159176745148325, 0.2791725562578867;
 -0.9569940731526101, -0.2853426420294187, -0.05236335159677837;
 0.03169931556040816, -0.2822665232559688, 0.9588121626481328]
第1幅图像的平移向量：
[1.154286126755958;
 -2.526569324024095;
 0.8825354243115844]

第2幅图像的旋转向量：
[11.86920336953751;
 -7.879288221904692;
 81.62881601804976]
第2幅图像的旋转矩阵：
[0.3924696675433695, -0.9197648414064726, -0.0004433631956339418;
 0.9028685326631035, 0.38535178410292, -0.1906106377290394;
 0.1754878137796796, 0.07440859494186691, 0.9816656193498912]
第2幅图像的平移向量：
[1.200392409496514;
 -2.455229485317672;
 0.9615076570968653]

第3幅图像的旋转向量：
[11.437375276306;
 -10.01110350138715;
 79.15421148840483]
第3幅图像的旋转矩阵：
[0.4811040981039674, 0.8572647578964301, 0.1834011495502234;
 -0.8759319259328564, 0.4786104285549582, 0.0606244077084174;
 -0.0358065345869335, -0.1898135731374723, 0.9811670089916702]
第3幅图像的平移向量：
[1.276359743847188;
 -2.550143559600925;
 0.9714473922785614]

第4幅图像的旋转向量：
[17.18280997777573;
 -4.780981515528932;
 71.31481110986631]
第4幅图像的旋转矩阵：
[-0.239279690292003, 0.9021147504370215, 0.3590740966119857;
 -0.9419716557094291, -0.3053574574291042, 0.1394497150677254;
 0.2354455980769233, -0.3048701366752463, 0.9228323629510491]
第4幅图像的平移向量：
[1.286455329542439;
 -2.497916025080555;
 0.7815435770696035]

第5幅图像的旋转向量：
[17.51988629265877;
 -5.353549249389304;
 70.32447877230916]
第5幅图像的旋转矩阵：
[-0.8038772097097476, 0.3559917756003505, 0.4764989899403568;
 -0.4240197340724383, -0.9047968281713675, -0.03936959293886159;
 0.4171195234299269, -0.2336932935193961, 0.8782930876066648]
第5幅图像的平移向量：
[1.271097133868197;
 -2.483650083356352;
 0.7339908909984386]

第6幅图像的旋转向量：
[17.96215711090605;
 -6.49073964508549;
 68.0570370458608]
第6幅图像的旋转矩阵：
[0.06429571323026745, -0.9861466889206417, 0.1529077146224681;
 0.9394654032826307, 0.008138243488538253, -0.3425471135886641;
 0.3365573016519104, 0.165675818765975, 0.9269739509721988]
第6幅图像的平移向量：
[1.267094741049162;
 -2.481886019989303;
 0.6521006369409329]

第7幅图像的旋转向量：
[11.58228851799418;
 -7.787342694623701;
 69.97430552497035]
第7幅图像的旋转矩阵：
[-0.575813199452906, -0.7993104753478784, 0.1718776405904981;
 0.7419654915520724, -0.5991805086376635, -0.300782192648771;
 0.3434040894947225, -0.04566707860000982, 0.9380768354726816]
第7幅图像的平移向量：
[1.248786743330306;
 -2.705505037524456;
 0.7953118533431208]

第8幅图像的旋转向量：
[9.79841254344136;
 -7.169057408608932;
 71.95160413120411]
第8幅图像的旋转矩阵：
[-0.7253013796777887, 0.6211463702582205, 0.2968418692713911;
 -0.6675061701169163, -0.7400231526096467, -0.08246966992492344;
 0.1684441197944956, -0.2579591446658114, 0.9513588482743722]
第8幅图像的平移向量：
[-1.245095325501562;
 2.695693205430143;
 -0.8829965323938308]

第9幅图像的旋转向量：
[12.655386149719;
 -3.089649751148744;
 76.20646835312279]
第9幅图像的旋转矩阵：
[-0.3004009510038142, -0.9370638690680259, 0.1779622823051718;
 0.9195817139246728, -0.334070894500953, -0.2067996829366391;
 0.2532365298517679, 0.1015280391546827, 0.9620620131852415]
第9幅图像的平移向量：
[1.283964394938308;
 -2.594456262534755;
 0.9996248284404822]

第10幅图像的旋转向量：
[12.3110507163483;
 1.890007614037093;
 58.76383303626617]
第10幅图像的旋转矩阵：
[-0.8479908976662989, 0.3744360798438525, 0.3751120627042974;
 -0.3495578632599459, -0.927106561775737, 0.1352136211537604;
 0.3983977129806917, -0.01646345114305692, 0.9170650015501706]
第10幅图像的平移向量：
[1.983737934581818;
 -2.079060963560976;
 0.4405270899031411]

第11幅图像的旋转向量：
[12.91402511966449;
 4.302483641022602;
 63.1679883425899]
第11幅图像的旋转矩阵：
[-0.1651578323941719, -0.9388439567509033, 0.3021504844794511;
 0.971143128840614, -0.2082508121996042, -0.116243806389278;
 0.1720578789376452, 0.2742327917855806, 0.9461461103893868]
第11幅图像的平移向量：
[1.960138017831841;
 -1.984765816280995;
 0.6103938092972656]

第12幅图像的旋转向量：
[13.11092187788862;
 5.32580669507564;
 64.61960138176548]
第12幅图像的旋转矩阵：
[-0.9063339746001156, 0.2041864244404238, 0.3699549034136353;
 -0.1408608691847147, -0.9714187314009275, 0.1910598435463075;
 0.3983929492574936, 0.1210518581338092, 0.9091916770540019]
第12幅图像的平移向量：
[1.964716030175885;
 -1.952830905871341;
 0.6751155836711366]

第13幅图像的旋转向量：
[13.05765907502053;
 2.439967688660737;
 59.14123087902502]
第13幅图像的旋转矩阵：
[-0.5279312343039488, 0.7927686599999303, 0.3046415329009229;
 -0.7649802371514535, -0.5996907993935621, 0.2348961087170597;
 0.3689089977406559, -0.1090357594765384, 0.9230478614575516]
第13幅图像的平移向量：
[2.031419292409815;
 -2.062896549645609;
 0.4853282943808594]

第14幅图像的旋转向量：
[13.28068177434214;
 1.964899792811324;
 57.00853337944272]
第14幅图像的旋转矩阵：
[-0.3599276998683364, -0.8661853126613657, 0.3466627395570822;
 0.8879981036904199, -0.4320299856770211, -0.1575101879820212;
 0.2862017098301607, 0.2511435756806165, 0.9246704741066667]
第14幅图像的平移向量：
[2.058162406825233;
 -2.08374428663473;
 0.4125301468019265]

第15幅图像的旋转向量：
[16.44944064987911;
 4.248203989086174;
 72.17715663563459]
第15幅图像的旋转矩阵：
[0.3503206415573591, 0.9319803530898391, 0.09320981468375086;
 -0.914610981302809, 0.318935622575775, 0.2485293172495256;
 0.2018965105670548, -0.1723156699396246, 0.9641291972106774]
第15幅图像的平移向量：
[2.018999705130536;
 -2.094819284593605;
 0.6041114118992555]

第16幅图像的旋转向量：
[17.88322549535674;
 5.979390473785905;
 77.3823089927222]
第16幅图像的旋转矩阵：
[-0.3745430000672521, 0.8932506819298786, 0.2486378095391557;
 -0.8444503964299902, -0.4393608394719284, 0.3063749022158228;
 0.3829113070540684, -0.09521172181159906, 0.9188654193949275]
第16幅图像的平移向量：
[2.02174503765573;
 -2.075490157519119;
 0.6389282059356691]

第17幅图像的旋转向量：
[8.123004207683792;
 -3.573556427443008;
 75.42608908750283]
第17幅图像的旋转矩阵：
[0.8551771327750551, -0.5182584633113178, -0.008957498804187388;
 0.5167838861195707, 0.8538255674068326, -0.06258047211035474;
 0.04008100080824055, 0.04888829766510309, 0.9979997233093896]
第17幅图像的平移向量：
[-2.04726867446723;
 2.259376329153175;
 -0.6696761082196691]

第18幅图像的旋转向量：
[17.5177658597823;
 8.762812752281317;
 77.9346710907276]
第18幅图像的旋转矩阵：
[0.2811234870097649, 0.9581594576571395, 0.05385200788872127;
 -0.9222764311231826, 0.2542313343049322, 0.2911573685349888;
 0.2652843185078154, -0.1315176123555706, 0.9551582842618986]
第18幅图像的平移向量：
[2.070227480524784;
 -2.037769427228468;
 0.7072016149692129]

第19幅图像的旋转向量：
[14.41659733145136;
 0.1011029700623437;
 77.77115724959313]
第19幅图像的旋转矩阵：
[-0.7877629811027878, 0.5196633570696672, 0.3307256883326914;
 -0.5188017112975747, -0.8491923792580148, 0.09857528779983225;
 0.3320756991391524, -0.09392709049680752, 0.9385645591604491]
第19幅图像的平移向量：
[2.075790671278172;
 -2.165079418136316;
 0.6718564593821097]

第20幅图像的旋转向量：
[1.20786351618085;
 4.447039966176566;
 80.73005946756244]
第20幅图像的旋转矩阵：
[0.6823379253768127, 0.7301759327465248, -0.03546918141442613;
 -0.7296538998265446, 0.6832280253795473, 0.02836638510419428;
 0.0449459904817095, 0.006524766180255572, 0.9989681102847633]
第20幅图像的平移向量：
[-2.104239527258377;
 1.898580034148022;
 -0.9700374971158595]

第21幅图像的旋转向量：
[20.35864482532628;
 3.14424964059872;
 79.10231159862117]
第21幅图像的旋转矩阵：
[0.9983537141588825, -0.05729367840217738, 0.00270108132274383;
 0.05732730919710689, 0.9982474334675789, -0.01468472661001372;
 -0.001855005494198217, 0.01481539707667044, 0.9998885252687307]
第21幅图像的平移向量：
[1.980141831716872;
 -2.150321125652623;
 0.6651670602643749]

第22幅图像的旋转向量：
[18.61617906780297;
 2.037541999591483;
 80.61652755102166]
第22幅图像的旋转矩阵：
[0.4966219573484851, -0.8569423424114924, 0.1379001568587358;
 0.8628144751850941, 0.4701176849995335, -0.1858508640328315;
 0.09443417225999301, 0.2112798713389043, 0.9728530223402638]
第22幅图像的平移向量：
[1.678849544132231;
 -2.194841432931586;
 0.6509917544667708]

第23幅图像的旋转向量：
[19.59012738388584;
 -1.239370941245676;
 81.84954958287899]
第23幅图像的旋转矩阵：
[-0.6973045876614805, -0.5966536613540251, 0.3972036258886479;
 0.5843539138003614, -0.7941235478730234, -0.1670278244477894;
 0.4150865156234931, 0.1156382251091661, 0.9024028952974101]
第23幅图像的平移向量：
[1.442161306376018;
 -2.231902424927978;
 0.6326745368189038]

第24幅图像的旋转向量：
[17.43892758042314;
 -4.593049836635975;
 86.33717442868303]
第24幅图像的旋转矩阵：
[0.9733962622017541, -0.2290269308704369, -0.006810408777892322;
 0.2284568052614308, 0.9723890131114892, -0.04761402429752022;
 0.01752726052167202, 0.044791429047668, 0.9988425917142666]
第24幅图像的平移向量：
[1.468199782473449;
 -2.323707224838873;
 0.5949542486043147]

第25幅图像的旋转向量：
[2.286599266061828;
 2.936866812434052;
 90.14208886220187]
第25幅图像的旋转矩阵：
[-0.6304698586658416, -0.7733550884206171, 0.06655572498150129;
 0.7760472498281865, -0.6297890146170046, 0.03341351675371275;
 0.01607555124970877, 0.07271660251745722, 0.9972230805443365]
第25幅图像的平移向量：
[1.890219938314857;
 -2.246954619213818;
 0.991623688617708]


